[gd_scene load_steps=10 format=3 uid="uid://jnro2a3iwy2o"]

[ext_resource type="PackedScene" uid="uid://crueoftu50dwd" path="res://sphere.tscn" id="1_y4gfj"]
[ext_resource type="PackedScene" uid="uid://bebk0b71tfb8d" path="res://box.tscn" id="3_xrdab"]
[ext_resource type="PackedScene" uid="uid://gmisotrnkcqs" path="res://capsule.tscn" id="4_qatnw"]
[ext_resource type="PackedScene" uid="uid://cfx7au5ioreuu" path="res://cylinder.tscn" id="5_pcahs"]
[ext_resource type="PackedScene" uid="uid://d3wkgisn0f8rw" path="res://convex_polygon.tscn" id="6_ikmo4"]
[ext_resource type="PackedScene" uid="uid://dfdylb704w75w" path="res://concave_polygon.tscn" id="6_lr7kb"]

[sub_resource type="PhysicalSkyMaterial" id="PhysicalSkyMaterial_yivqe"]
rayleigh_color = Color(0.301961, 0.403922, 0.6, 1)
mie_color = Color(0.690196, 0.729412, 0.811765, 1)
ground_color = Color(0.690196, 0.729412, 0.811765, 1)

[sub_resource type="Sky" id="Sky_tuy8d"]
sky_material = SubResource("PhysicalSkyMaterial_yivqe")

[sub_resource type="Environment" id="Environment_nkgwu"]
background_mode = 2
sky = SubResource("Sky_tuy8d")
tonemap_mode = 2

[node name="Root" type="Node3D"]

[node name="Environment" type="WorldEnvironment" parent="."]
environment = SubResource("Environment_nkgwu")

[node name="Sun" type="DirectionalLight3D" parent="."]
transform = Transform3D(-0.825549, -0.544985, 0.146493, 0, 0.259587, 0.965719, -0.56433, 0.797249, -0.214302, 0, 0, 0)
light_bake_mode = 0
shadow_enabled = true

[node name="Camera" type="Camera3D" parent="."]
transform = Transform3D(-0.707107, -0.40558, 0.579228, 0, 0.819152, 0.573576, -0.707107, 0.40558, -0.579228, 10, 12, -10)
current = true

[node name="Sphere" parent="." instance=ExtResource("1_y4gfj")]
transform = Transform3D(1, 0, 0, 0, 1, 0, 0, 0, 1, 0, 5, 0)

[node name="Box" parent="." instance=ExtResource("3_xrdab")]
transform = Transform3D(1, 0, 0, 0, 1, 0, 0, 0, 1, 0, 10, 0.5)

[node name="Capsule" parent="." instance=ExtResource("4_qatnw")]
transform = Transform3D(1, 0, 0, 0, 1, 0, 0, 0, 1, 0, 7.43843, -3.32452)

[node name="Cylinder" parent="." instance=ExtResource("5_pcahs")]
transform = Transform3D(0.707107, -0.707107, 0, 0.707107, 0.707107, 0, 0, 0, 1, 0, 3, 4)

[node name="ConvexPolygon" parent="." instance=ExtResource("6_ikmo4")]
transform = Transform3D(1, 0, 0, 0, 1, 0, 0, 0, 1, 0, 9.22341, -3.03506)

[node name="ConcavePolygon" parent="." instance=ExtResource("6_lr7kb")]
transform = Transform3D(1, 0, 0, 0, 1, 0, 0, 0, 1, 0, 1, 0)
